version https://git-lfs.github.com/spec/v1
oid sha256:dac893c11a0b6acb87704f545c1c50c7e42bf2e6a1ad1cb37aa06de1d6b8a13d
size 213
