version https://git-lfs.github.com/spec/v1
oid sha256:aac65bb4a749e7727cf372601e89be08ec4ba3987df01b35521d87c49074d2d6
size 210
