version https://git-lfs.github.com/spec/v1
oid sha256:e7adf621192eb0000b5e9ad0c4eeee61111f9b693ec8827f71212ae149a2512e
size 214
